295
170
94
52
61
87
176
221
280
371
361
346
409
444
504
633
618
576
618
718
720
725
727
698
658
632
614
592
572
518
424
349
238
409
537
511
427
330
256
233
600
786
721
708
661
243
284
338
370
388
395
395
386
372
358
336
320
316
284
218
153
102
65
43
39
41
50
66
82
101
130
157
183
230
305
377
438
476
498
510
511
495
476
451
429
411
399
382
311
246
190
147
124
109
105
106
100
114
130
152
169
183
211
275
336
390
438
465
480
485
483
471
456
437
412
392
374
328
261
200
146
106
81
79
74
82
94
108
123
140
167
184
227
294
355
401
448
481
494
482
477
459
426
428
433
422
412
365
313
235
220
124
175
256
298
310
313
316
319
332
343
348
470
570
624
659
589
522
474
448
411
390
375
361
338
325
314
188
137
113
100
135
154
204
219
229
241
257
271
283
294
320
436
535
646
700
718
685
597
536
471
433
410
408
434
567
834
208
69
88
112
235
1023
810
780
761
601
694
714
716
712
701
716
745
727
703
682
645
627
597
565
529
494
442
384
354
329
300
209
163
148
120
131
135
137
143
153
163
181
212
230
246
257
346
382
374
370
356
337
318
311
292
282
264
246
214
181
170
117
42
9
19
14
39
55
97
105
94
110
131
149
168
200
218
241
360
393
384
373
356
331
312
301
290
275
264
248
223
196
189
138
52
18
1
0
11
17
50
76
96
121
149
193
220
88
112
132
197
310
425
514
597
651
675
691
719
713
542
473
410
365
327
292
250
219
192
170
148
132
125
121
125
126
139
171
219
234
241
243
273
302
321
338
368
378
437
416
389
361
328
313
286
261
234
218
210
160
89
73
63
37
40
71
168
210
229
262
280
279
269
245
264
270
282
328
393
440
488
600
654
711
626
599
597
687
760
807
823
826
808
768
680
646
650
642
634
638
652
632
595
577
564
527
504
490
479
472
460
639
716
667
652
596
518
436
383
356
344
339
340
345
342
335
324
303
186
135
102
88
97
121
140
170
199
216
218
218
228
205
157
156
181
234
372
477
550
580
900
982
1023
1023
1023
1023
1007
980
954
891
783
687
595
540
271
283
357
412
442
508
577
657
707
702
0
11
0
9
13
0
0
0
0
