500
500
500
502
503
502
502
504
516
571
634
635
635
636
636
636
635
636
636
636
633
608
554
505
504
503
503
503
504
504
505
504
505
505
505
505
506
506
507
506
506
506
507
507
507
508
545
635
640
640
641
641
641
641
641
640
641
642
628
587
528
509
509
508
508
509
509
509
509
509
512
509
509
511
512
510
510
505
506
505
505
506
506
526
602
641
645
647
648
648
648
648
647
647
660
637
597
539
521
522
528
523
520
647
645
641
640
636
633
629
627
626
617
588
537
504
501
502
502
504
518
588
638
644
653
656
655
655
654
651
646
634
602
538
511
509
509
509
510
510
510
511
512
514
513
513
514
515
515
517
516
516
516
516
517
525
585
647
649
648
648
647
648
648
648
647
646
640
597
528
514
513
513
513
514
514
515
515
516
516
517
518
518
519
519
519
519
520
520
520
523
528
584
650
651
652
652
651
651
650
649
650
649
646
614
552
516
516
515
516
516
518
517
518
519
519
521
520
520
520
520
521
520
521
521
521
521
521
560
652
653
652
655
654
654
653
654
652
652
649
626
573
518
517
517
518
517
518
519
519
519
521
521
522
522
522
523
524
523
523
524
524
523
523
563
653
653
653
654
655
654
654
654
653
652
649
623
553
519
518
518
518
518
519
521
520
521
521
522
522
523
524
525
524
524
524
524
525
524
527
566
655
655
656
656
655
655
654
654
653
652
650
615
554
520
519
520
519
519
520
521
521
521
523
523
524
525
523
523
524
524
524
525
525
526
526
561
629
657
658
658
657
657
656
656
655
654
652
636
582
519
518
518
520
519
520
520
521
521
523
522
523
523
524
524
525
525
525
525
525
525
526
540
605
655
656
656
656
655
655
655
656
655
654
652
634
595
536
518
517
517
517
518
518
518
519
519
520
521
521
522
523
523
524
524
525
525
526
526
532
568
643
657
657
658
657
657
656
655
655
654
652
640
604
542
519
518
518
516
516
518
518
521
521
522
523
524
525
526
527
527
527
528
528
530
528
539
591
659
659
660
660
659
658
657
656
656
655
651
623
567
520
519
518
518
518
519
519
520
520
521
522
522
523
524
524
525
525
526
526
526
527
536
582
657
657
658
658
657
655
656
655
656
654
648
614
551
521
520
520
520
522
521
522
522
523
523
524
524
525
525
525
526
526
527
526
526
526
551
628
657
655
657
657
657
656
655
654
654
652
630
578
523
520
520
520
520
521
521
524
524
522
526
525
524
525
525
525
526
526
526
526
528
551
633
656
657
655
657
656
656
655
654
652
649
611
546
522
520
520
520
521
520
520
521
521
523
524
525
525
525
526
526
526
527
527
528
538
611
658
659
659
658
657
656
655
654
653
651
627
559
519
518
518
518
518
519
520
521
522
522
523
524
524
525
526
526
526
527
527
528
530
593
658
658
658
658
657
657
656
656
654
652
629
558
520
519
518
518
519
520
520
521
521
522
523
524
524
525
525
526
526
527
527
528
543
629
658
658
658
658
656
656
655
655
653
648
600
521
519
519
518
519
520
521
521
522
522
523
524
525
525
526
526
527
527
528
527
530
593
658
659
659
658
658
657
656
655
654
651
618
542
520
519
519
519
520
521
521
522
522
523
524
525
525
526
526
527
527
528
528
528
566
658
659
659
658
658
657
656
655
654
654
634
569
520
519
519
519
520
520
521
522
522
523
524
524
525
526
526
526
527
527
528
528
560
658
659
659
658
658
657
656
655
654
653
630
560
520
519
519
520
520
521
522
522
523
524
524
525
526
526
527
527
527
528
528
528
579
659
659
659
659
658
657
656
655
656
652
617
587
534
534
532
528
533
525
523
520
518
520
522
524
524
525
526
527
528
529
530
542
624
660
660
660
659
659
657
656
654
653
640
582
518
517
516
516
517
518
519
519
520
521
522
524
525
526
527
528
529
530
530
531
578
661
662
662
661
660
659
658
656
655
651
617
538
518
517
517
517
518
519
519
520
521
522
523
524
525
526
527
528
529
530
530
537
609
662
662
663
662
660
659
657
656
654
649
599
520
519
518
517
518
519
519
520
521
522
523
524
525
526
527
528
529
529
530
531
546
635
662
662
662
661
659
658
657
655
654
643
587
520
518
517
518
518
519
520
520
521
522
523
524
525
526
527
529
530
532
535
542
555
612
659
664
663
660
662
662
662
665
662
646
593
529
527
525
523
522
523
523
525
520
519
520
520
520
520
521
522
524
528
530
531
577
661
662
662
661
660
658
657
655
654
651
622
546
518
517
517
517
518
519
520
521
522
523
524
526
527
528
529
530
531
531
532
532
575
662
662
662
661
660
659
657
656
654
653
632
567
519
518
517
517
518
519
520
521
522
524
532
533
527
528
530
530
531
532
533
540
533
596
661
661
661
660
658
657
656
654
654
651
632
569
518
517
516
517
517
518
519
520
521
522
523
524
525
526
527
528
529
530
530
531
532
553
640
662
662
662
661
659
658
657
656
655
653
635
579
519
518
517
517
517
519
520
520
521
522
523
524
525
526
527
527
528
529
530
530
530
531
562
659
661
660
660
659
658
657
656
655
654
654
639
591
521
520
519
519
519
520
521
522
522
523
523
524
524
524
525
526
528
531
530
530
531
531
532
570
662
663
663
662
661
660
658
657
655
654
653
644
598
523
517
516
516
516
516
517
518
519
520
521
522
523
524
526
527
527
529
529
530
531
532
532
533
579
662
663
663
662
662
660
659
658
656
655
653
649
623
562
518
517
516
516
517
517
518
518
519
520
522
522
524
525
525
527
528
529
529
530
530
531
531
532
574
662
663
663
662
662
660
659
658
656
655
654
651
626
569
518
518
517
517
517
518
519
519
520
521
522
523
524
525
526
527
528
529
530
531
531
532
532
534
585
663
663
663
662
662
661
659
658
657
656
655
648
606
537
519
519
518
518
518
519
520
521
522
522
523
524
525
526
527
528
529
530
530
531
532
532
533
565
655
663
663
663
662
661
660
660
657
656
655
652
630
572
520
519
518
518
518
519
520
520
521
522
523
524
525
526
526
527
528
529
530
531
531
532
532
533
575
663
664
664
663
663
662
660
659
658
658
655
652
632
577
521
520
519
518
519
520
520
521
522
523
523
524
525
526
527
527
529
529
530
531
532
532
532
533
557
633
663
664
663
663
662
661
659
658
657
656
655
649
611
546
520
519
519
519
519
520
520
521
522
523
524
524
525
526
527
528
529
529
531
531
532
532
532
533
566
653
664
664
664
664
662
661
660
659
658
656
655
641
594
521
520
519
519
519
520
521
521
522
523
524
524
525
526
527
528
529
530
531
532
532
533
534
535
550
618
664
665
664
663
663
662
661
659
658
657
656
645
601
528
521
520
520
520
520
521
522
522
523
524
525
526
527
527
528
529
529
531
531
532
533
533
534
547
609
664
664
664
664
663
662
660
659
658
657
656
649
606
536
521
520
519
519
520
521
522
522
523
524
525
528
527
528
529
530
530
531
532
534
533
533
534
562
646
665
665
664
664
663
661
660
659
658
657
654
632
573
522
521
520
520
521
521
522
523
524
524
525
526
527
528
529
529
530
531
532
532
533
533
534
540
593
664
665
665
664
663
662
661
660
659
658
656
650
611
537
506
507
507
508
509
511
513
514
516
519
519
521
522
524
525
527
528
529
531
532
533
533
534
548
614
665
665
665
664
663
663
661
660
659
658
657
648
604
531
522
521
521
521
522
523
523
524
524
525
526
527
528
529
529
530
531
532
532
533
534
534
534
552
621
665
665
665
664
664
662
661
660
659
658
657
643
595
523
522
521
521
521
522
522
523
524
524
526
526
527
528
529
530
530
531
531
532
533
533
533
534
579
664
665
666
665
664
663
662
662
660
659
658
652
615
546
522
521
521
521
521
522
523
524
525
525
526
529
528
528
529
528
528
531
530
530
531
531
531
562
649
663
663
663
663
662
662
661
659
657
656
653
622
556
523
524
527
528
526
526
525
525
526
526
525
525
526
526
528
527
524
529
530
531
531
532
532
568
658
663
663
663
663
662
662
660
660
660
659
653
614
553
525
525
525
524
523
525
525
524
526
527
528
529
530
530
530
531
531
531
531
531
532
531
544
606
662
662
