536
536
536
535
535
537
535
609
659
662
665
667
669
670
672
672
658
611
540
537
533
533
531
529
529
527
525
525
524
522
520
520
520
520
521
522
538
634
658
661
663
665
667
668
669
670
657
600
535
532
529
527
526
525
524
523
523
522
522
521
521
520
521
521
522
523
545
653
660
662
664
666
666
662
662
663
638
567
530
528
526
525
524
523
523
522
521
522
522
522
522
522
523
523
524
533
620
659
662
665
667
668
652
653
668
621
588
520
518
516
516
514
513
512
528
526
526
525
525
525
524
525
525
526
528
589
661
664
667
669
670
672
673
673
662
605
539
536
533
531
529
528
527
526
525
524
524
523
522
522
523
523
524
525
571
660
663
666
668
670
670
671
671
664
613
539
536
533
531
529
528
527
526
525
524
523
523
523
523
523
524
524
525
559
659
662
665
667
669
669
671
671
666
631
552
536
533
530
529
528
526
526
525
524
524
523
523
523
523
523
524
525
542
641
661
664
666
668
669
670
670
670
645
572
536
533
530
529
529
527
526
525
524
524
523
523
523
523
524
524
522
537
623
643
644
650
652
650
668
654
644
637
564
528
520
518
517
531
531
530
526
527
527
525
526
526
526
526
527
527
554
661
664
667
670
672
672
673
673
668
618
540
537
534
532
531
529
528
527
526
526
525
525
524
525
525
525
526
530
604
661
664
666
668
670
670
671
671
651
580
536
534
531
529
529
527
526
526
525
524
524
523
523
524
524
524
525
547
658
661
664
666
668
669
670
670
665
619
537
534
532
530
528
527
526
525
524
524
524
524
524
524
523
524
525
530
610
660
663
665
667
668
669
669
669
645
569
534
532
529
528
527
526
525
524
524
525
523
523
523
523
523
524
524
548
657
661
664
666
668
668
669
669
666
630
539
530
527
525
512
511
510
510
509
509
509
508
509
509
509
510
510
511
546
645
649
652
654
656
658
658
659
656
619
533
524
522
520
519
519
518
517
516
516
515
532
531
531
530
530
530
530
555
663
666
669
671
673
674
675
675
673
643
564
539
536
534
532
531
530
528
524
519
516
519
524
525
526
526
526
527
536
619
663
666
668
670
672
672
673
673
656
593
540
536
533
531
530
529
528
527
526
525
525
524
523
507
508
526
509
526
548
661
647
650
653
655
656
658
671
656
628
554
539
537
534
516
531
532
530
529
528
527
527
526
526
526
526
526
527
528
576
661
664
667
662
663
672
672
673
668
628
545
537
534
532
530
529
528
527
526
525
524
525
524
524
525
525
525
525
507
552
636
663
668
669
671
672
673
673
667
624
539
537
534
532
530
529
528
527
526
525
525
524
524
524
524
524
524
525
527
585
660
663
666
668
669
671
671
672
667
630
548
536
533
531
529
528
527
526
526
524
524
524
523
523
523
523
524
524
525
573
659
662
665
667
669
670
670
671
666
631
549
535
532
530
529
529
527
526
524
524
523
523
523
523
523
523
523
524
534
619
660
663
666
668
669
670
671
671
649
582
536
533
530
528
528
526
525
507
507
524
511
507
506
507
508
518
509
527
614
663
665
667
669
670
671
671
670
643
565
536
533
531
529
528
526
521
518
517
518
520
522
523
524
524
525
526
547
656
662
665
667
669
670
671
672
667
632
549
535
532
530
529
528
526
526
525
524
523
523
523
523
523
524
524
525
561
659
662
665
667
669
670
671
670
665
613
537
534
531
529
528
527
526
504
501
504
506
503
504
506
506
507
508
510
556
641
645
649
653
655
658
659
629
649
606
528
525
522
518
518
516
517
518
517
513
510
514
508
508
507
507
508
507
543
634
646
651
655
658
664
666
666
661
630
584
552
545
526
524
522
547
556
550
551
562
554
549
528
517
519
528
520
532
577
591
651
630
659
662
664
666
663
637
582
534
531
527
524
524
523
521
520
520
519
539
512
513
542
528
519
542
543
554
566
573
582
584
583
581
581
674
664
612
584
535
531
530
526
524
524
523
523
522
517
516
515
514
514
514
513
513
513
522
517
647
