805
317
372
663
767
970
1023
5102
16
6
43
81
47
66
163
240
293
290
345
349
343
335
333
332
284
340
377
400
365
450
462
470
449
434
412
389
362
332
304
276
247
223
203
174
151
134
128
127
126
133
147
164
185
210
239
274
305
339
366
393
421
442
457
477
476
478
481
474
463
445
421
392
361
327
297
267
250
806
843
873
792
696
509
493
482
445
399
321
345
283
304
28
98
158
193
197
172
165
152
149
144
142
141
139
141
139
137
136
135
133
133
133
133
133
134
134
135
136
137
138
138
140
141
143
144
143
144
144
144
144
145
145
145
145
145
145
145
145
144
145
145
144
144
144
144
144
144
144
145
145
146
147
147
147
148
148
149
149
150
150
150
151
152
153
153
153
153
153
153
153
152
152
152
151
150
150
150
149
149
149
149
149
149
149
149
149
149
149
150
150
151
151
151
152
152
152
152
152
152
152
152
153
152
152
152
152
151
151
151
151
150
150
150
150
150
150
150
150
150
150
151
151
152
152
152
153
154
154
153
154
154
154
154
155
154
154
154
154
154
153
153
152
153
152
152
152
152
152
152
152
152
152
152
152
153
153
153
153
153
153
154
154
154
154
154
154
155
154
154
154
154
154
153
154
153
153
153
153
153
153
152
153
153
153
153
153
153
154
154
154
154
163
154
153
154
155
160
285
138
124
119
119
116
121
124
120
119
118
117
116
115
114
113
113
112
112
111
111
112
112
114
113
114
114
114
113
113
113
114
113
114
113
113
114
113
113
115
114
114
114
114
115
112
111
110
110
109
110
110
110
111
111
111
112
112
113
113
113
114
115
116
117
117
118
118
118
118
118
117
117
116
116
116
115
114
113
112
112
111
110
110
110
110
109
109
109
109
110
111
112
112
113
114
116
117
118
119
119
119
120
120
120
120
120
120
119
118
118
118
117
117
116
116
115
115
115
114
114
115
115
115
115
116
117
117
118
118
118
119
119
119
120
121
121
121
121
121
121
121
120
119
119
118
118
117
117
116
115
114
114
114
114
114
114
114
114
114
114
115
115
116
116
117
118
118
119
119
120
120
118
120
120
120
120
120
119
119
118
118
118
117
117
116
116
116
115
115
115
116
116
116
116
117
118
118
119
119
120
121
122
122
123
123
123
124
124
124
124
124
124
124
123
123
122
122
122
121
120
120
120
120
120
120
120
120
120
121
122
122
123
124
125
125
126
126
127
127
128
128
128
128
127
127
127
126
126
125
125
125
124
123
123
122
122
122
122
121
122
121
122
122
123
123
123
124
124
125
125
126
126
126
127
127
127
127
163
215
1007
1023
1023
1023
1023
1023
1023
1023
1016
1005
998
965
891
811
785
618
602
0
0
0
7
3
0
0
0
0
0
0
0
0
0
0
0
0
0
0
0
0
0
0
0
0
0
0
0
0
0
0
0
0
0
0
0
0
0
0
0
0
0
10
439
547
911
890
893
940
956
912
852
764
729
690
695
683
646
654
656
630
633
612
583
