111
80
99
161
280
545
987
1023
1023
1023
1023
730
360
518
911
1013
816
494
472
477
996
0
0
103
69
70
39
25
18
34
117
170
267
341
347
296
268
270
309
326
335
360
366
353
339
314
275
244
209
179
145
97
62
44
23
22
29
45
74
87
109
148
197
236
263
286
324
360
381
407
383
416
378
323
290
306
288
262
236
212
200
193
185
183
179
174
174
184
195
210
224
236
245
258
273
291
328
343
366
394
399
404
399
385
414
423
444
437
560
549
406
218
144
93
69
72
78
79
77
86
116
153
198
239
272
305
342
375
404
424
428
424
412
398
377
358
333
307
284
263
226
183
153
130
124
127
139
144
148
162
188
223
256
308
330
368
398
420
434
443
457
464
457
438
405
379
356
325
307
290
256
213
182
163
157
196
208
227
237
252
270
294
312
374
401
384
402
403
402
400
407
411
413
423
431
416
381
355
315
283
242
165
425
604
711
663
681
648
425
132
71
117
293
582
351
340
374
407
400
428
429
493
518
506
471
427
350
376
280
265
239
211
181
140
103
109
116
131
141
161
199
241
266
306
329
337
390
426
467
492
508
511
503
496
480
458
424
388
352
318
286
256
210
174
145
124
120
123
141
159
176
201
235
272
315
348
380
419
466
507
535
556
558
555
545
533
517
488
452
420
382
347
318
278
234
196
173
155
147
142
148
163
186
212
244
278
316
351
380
416
463
500
518
538
550
557
552
540
523
501
472
442
399
366
332
298
256
216
190
161
147
140
144
154
170
186
218
251
287
319
356
378
404
423
446
468
483
487
482
461
409
420
395
363
352
331
312
289
267
239
216
199
182
176
171
174
180
191
201
228
252
278
302
325
343
366
394
420
436
455
464
467
466
458
451
440
415
391
364
342
316
298
277
253
229
211
190
210
242
260
268
268
269
279
296
314
336
357
375
395
422
447
463
479
482
481
451
414
385
385
374
357
338
317
296
275
257
228
208
192
176
172
170
172
180
190
204
222
244
267
289
314
333
338
368
398
415
433
441
444
441
434
429
417
397
375
352
328
306
287
266
236
212
190
175
172
172
171
176
182
195
219
243
269
294
315
333
355
385
413
436
454
462
463
460
455
449
434
414
392
367
342
319
299
278
252
230
212
193
182
180
182
188
192
201
218
241
264
289
307
332
356
381
404
428
444
460
466
466
463
455
447
436
419
396
377
350
326
321
296
267
241
218
202
195
194
197
200
175
298
910
849
849
916
775
922
983
1023
1023
1021
0
3
0
0
0
24
82
379
534
650
539
446
315
262
323
400
497
576
643
713
750
761
777
765
748
733
769
654
599
86
454
1023
325
279
193
145
70
0
0
0
0
0
0
0
0
33
70
131
201
260
330
391
