585
585
585
586
585
586
585
584
584
592
643
713
712
713
712
712
711
710
709
709
707
703
680
623
572
571
571
569
568
569
570
575
597
580
581
589
584
565
559
560
557
557
557
559
560
560
562
589
663
693
695
698
699
699
699
701
702
700
697
677
620
559
561
568
555
548
549
551
549
548
549
549
550
551
552
553
555
556
556
556
556
557
558
570
639
689
684
676
673
673
674
674
674
674
673
668
633
559
538
538
537
538
538
539
540
541
541
542
543
544
546
547
548
544
533
459
460
501
541
544
558
636
681
682
683
686
687
687
687
689
688
682
646
570
413
454
489
533
546
545
546
546
546
545
545
545
545
546
546
546
546
547
547
548
556
614
682
684
686
687
688
688
688
688
687
676
629
555
548
546
544
543
542
541
541
542
542
543
544
546
549
546
546
553
558
556
559
596
692
681
678
679
679
679
679
678
677
670
625
544
540
539
538
536
536
535
535
534
534
535
538
538
536
537
538
526
534
507
525
618
673
675
676
677
678
678
677
676
670
625
544
540
539
537
535
535
534
534
533
533
533
533
533
533
534
534
535
535
535
566
668
670
671
672
673
672
673
673
670
639
560
531
503
522
534
532
531
530
530
530
530
530
531
531
532
532
532
533
534
565
666
668
670
671
672
673
673
672
668
630
555
537
535
533
532
531
531
530
529
491
518
530
529
529
530
530
531
531
535
592
666
668
670
671
672
672
673
672
664
612
540
537
535
533
532
532
531
531
529
528
528
528
528
528
528
528
529
530
543
624
665
668
670
671
671
669
681
672
647
575
422
443
470
497
509
520
522
525
525
525
530
534
536
538
540
540
542
542
597
675
676
679
678
677
676
674
671
664
610
534
504
508
517
525
531
533
532
534
535
534
535
536
537
538
539
539
541
563
670
673
674
674
674
675
674
674
673
645
572
541
539
536
533
533
532
532
532
533
475
480
506
532
539
541
543
542
572
673
674
674
674
673
672
671
669
664
608
534
532
530
531
531
531
532
532
533
534
535
536
537
539
539
540
540
554
658
676
674
672
672
673
673
675
672
640
565
541
538
536
535
534
533
534
534
531
529
529
528
528
527
527
527
527
549
655
664
667
669
671
673
674
674
667
618
543
541
538
536
535
535
535
540
543
541
537
534
528
528
528
527
526
527
552
654
663
666
668
670
672
672
672
665
618
542
540
537
535
534
533
533
532
534
534
528
528
527
527
526
526
526
526
535
605
661
664
666
668
670
671
672
673
654
595
540
538
536
534
534
532
532
534
531
529
528
527
527
526
526
526
526
526
536
603
661
663
666
668
669
670
671
672
656
602
540
538
535
534
533
533
532
532
531
528
528
527
526
525
524
526
526
526
529
569
659
662
665
667
668
670
671
673
669
634
565
538
536
534
533
533
532
531
532
529
528
527
526
525
525
525
526
525
526
538
610
660
663
666
667
669
670
671
671
662
615
538
536
535
534
532
531
530
530
530
528
527
528
526
525
524
524
524
524
524
538
616
660
663
665
667
669
669
670
669
670
621
548
537
535
532
528
527
528
528
527
527
529
531
531
531
530
529
529
528
527
528
566
661
662
664
666
666
666
670
666
665
650
594
530
527
527
526
526
528
528
527
528
529
530
529
530
530
529
529
529
530
529
530
569
661
663
664
664
665
665
665
665
664
660
617
539
531
527
526
524
530
528
527
527
529
528
527
527
527
528
528
530
531
532
532
548
633
664
665
666
666
666
665
665
663
664
650
592
531
529
529
528
528
529
529
529
529
529
529
529
530
530
530
529
530
530
528
530
549
634
664
667
666
666
665
665
665
664
663
646
587
528
527
526
526
525
526
526
526
527
528
528
528
528
528
529
529
527
526
528
530
551
638
663
664
665
665
665
665
665
664
664
646
589
531
530
528
527
526
526
527
527
526
528
527
528
530
530
530
531
531
531
531
531
550
634
663
665
668
671
667
669
669
671
672
664
623
561
538
534
531
530
529
531
531
570
591
532
538
533
540
524
524
524
523
518
517
519
533
590
653
657
660
661
664
665
664
667
666
648
611
563
536
535
533
532
533
533
533
535
537
535
533
533
530
529
528
527
527
527
526
528
553
614
659
662
664
666
666
667
668
668
666
650
606
550
536
536
534
533
533
