538
542
617
660
622
602
602
59922
916
914
911
909
905
903
900
898
886
853
780
752
748
745
741
739
736
733
736
725
726
722
722
719
716
714
712
710
708
707
705
703
712
784
831
830
829
827
826
824
821
820
818
815
804
754
678
674
672
670
668
666
665
664
662
660
659
658
656
655
654
653
652
650
649
648
647
646
645
680
775
775
775
774
774
773
772
770
769
767
765
752
705
628
625
623
621
620
619
618
618
617
616
615
614
613
612
612
611
610
609
609
608
607
607
606
606
661
736
736
736
736
735
734
733
732
731
731
729
715
664
594
592
590
589
587
586
586
585
585
585
584
584
584
583
583
582
582
582
581
581
581
580
580
581
642
708
711
711
711
710
710
709
708
707
707
705
682
618
570
567
565
564
564
564
565
565
565
565
564
564
564
565
564
564
564
564
564
564
563
563
563
582
665
694
694
694
693
693
692
692
691
691
690
688
660
595
554
553
552
551
551
551
551
551
550
551
551
551
551
551
551
551
551
551
551
551
551
551
551
555
616
682
683
684
684
684
683
683
682
683
683
680
670
622
548
546
544
544
543
543
543
543
544
543
543
543
543
543
543
543
543
543
543
543
543
543
543
544
556
626
675
676
676
676
676
676
676
675
675
674
672
662
617
541
539
538
537
537
537
537
537
537
537
537
537
537
538
538
538
538
538
538
538
538
539
538
539
552
624
670
671
671
671
671
671
670
670
670
670
669
652
593
535
534
533
533
533
533
533
533
533
533
533
533
534
534
534
534
534
534
534
535
535
535
535
539
603
667
668
668
668
669
668
667
667
667
667
666
644
582
533
531
530
530
530
530
530
531
530
531
531
531
531
531
531
532
532
532
532
533
533
533
534
569
664
665
666
666
667
666
666
666
665
665
663
653
600
531
532
529
528
528
528
529
529
529
529
529
529
530
530
530
530
530
530
531
531
531
531
532
558
652
664
664
665
665
665
665
664
664
664
663
654
607
530
529
528
527
527
527
528
528
528
528
528
528
529
529
529
529
529
530
530
530
530
531
532
576
662
663
664
664
664
664
664
664
663
663
661
627
555
528
527
526
526
527
527
527
528
528
528
528
528
528
529
529
529
529
530
530
530
530
539
616
662
663
664
664
664
664
663
663
663
662
637
569
528
527
526
526
526
527
527
527
528
528
528
528
528
528
528
529
529
529
530
530
531
557
661
662
663
664
664
664
663
663
663
663
655
611
529
528
527
527
527
527
527
528
528
528
528
528
528
529
529
529
529
529
530
531
530
533
606
662
663
664
664
664
663
663
663
663
662
629
553
528
527
526
526
526
527
527
527
528
528
528
528
529
529
529
529
530
530
530
530
531
588
662
663
663
664
664
664
663
663
663
662
640
571
528
527
527
526
527
527
527
528
528
528
528
528
529
529
529
529
530
530
530
530
531
574
662
663
664
664
664
664
664
663
663
661
648
587
529
527
527
527
527
527
528
528
528
528
528
529
529
529
529
529
530
530
530
530
531
558
662
663
664
664
664
664
664
663
663
662
654
607
530
528
527
527
527
527
527
528
528
528
528
528
529
529
529
529
529
530
530
530
531
548
643
663
664
664
664
664
663
663
663
663
657
616
530
528
527
527
527
527
527
528
528
528
528
528
529
529
529
532
529
530
530
530
530
531
591
662
663
663
664
664
664
663
663
663
661
648
587
529
528
527
526
526
527
527
527
528
528
528
528
529
529
529
529
529
530
530
530
530
531
585
662
663
664
664
664
664
663
663
663
662
653
610
529
528
527
526
526
526
526
527
527
528
528
528
528
528
529
529
529
529
529
530
530
531
560
661
662
663
664
664
664
663
663
662
662
659
620
542
528
526
526
526
526
527
527
527
527
528
528
528
528
528
528
529
529
529
529
530
530
557
658
662
663
663
664
661
663
663
662
662
661
627
553
527
526
526
526
526
527
527
527
527
527
528
528
528
528
528
529
529
529
529
530
530
548
642
662
663
664
664
664
663
663
663
663
661
627
551
528
527
526
526
526
527
527
527
527
528
528
528
528
528
528
529
529
530
530
530
531
581
662
663
664
664
664
664
664
663
663
661
646
582
528
527
526
526
526
527
527
527
527
528
528
528
528
528
528
529
529
529
529
530
530
561
661
662
663
664
664
664
663
663
663
662
653
605
529
527
526
526
526
526
527
527
527
527
528
528
528
528
528
528
529
529
529
530
530
544
636
662
663
664
664
664
663
663
663
662
656
615
529
527
526
526
526
526
527
527
527
527
528
528
528
528
528
528
529
529
529
530
530
550
652
662
663
664
664
664
663
663
663
663
654
605
531
529
529
530
529
529
529
528
529
528
528
527
527
528
527
526
527
527
528
527
526
559
653
660
662
664
663
664
664
663
664
664
648
605
530
529
528
527
528
529
528
528
529
528
527
528
527
527
526
527
527
526
526
527
539
605
660
661
663
663
664
664
664
664
663
651
604
532
530
529
529
529
529
528
528
528
528
528
528
527
527
526
527
527
527
527
527
