0
0
0
0
33
561
1023
1023
1023
1023
1023
1023
1023
934
604
133
0
0
0
0
0
0
30
47
39
0
0
0
0
0
0
0
0
0
0
141
844
1023
1023
1023
1023
1023
1023
1023
882
501
0
0
0
0
0
0
0
16
46
19
0
0
0
0
0
0
0
0
0
0
109
793
1023
1023
1023
1023
1023
1023
1023
880
489
0
0
0
0
0
6
51
105
149
122
44
0
0
0
0
0
0
0
0
0
347
1023
1023
1023
1023
1023
1023
1023
1007
660
62
0
0
0
0
0
0
0
0
0
0
0
0
0
0
0
0
0
0
0
7
409
1023
1023
1023
1023
1023
1023
1023
1023
736
220
0
0
0
0
0
0
0
0
0
0
0
0
0
0
0
0
0
0
0
0
83
674
1023
1023
1023
1023
1023
1023
1023
994
672
137
0
0
0
0
0
0
0
0
0
0
0
0
0
0
0
0
0
0
0
0
107
821
1023
1023
1023
1023
1023
1023
1023
950
559
0
0
0
0
0
0
0
0
0
0
0
0
0
0
0
0
0
0
0
0
0
141
898
1023
1023
1023
1023
1023
1023
1023
906
493
0
0
0
0
0
0
0
0
0
0
0
0
0
0
0
0
0
0
0
0
0
123
854
1023
1023
1023
1023
1023
1023
1023
964
605
54
0
0
0
0
0
0
0
0
0
0
0
0
0
0
0
0
0
0
0
0
0
254
980
1023
1023
1023
1023
1023
1023
1023
987
664
159
0
0
0
0
0
0
0
0
0
0
0
0
0
0
0
0
0
0
0
0
0
54
572
1023
1023
1023
1023
1023
1023
1023
1023
872
488
0
0
0
0
0
0
0
0
0
0
0
0
0
0
0
0
0
0
0
0
0
0
0
291
968
1023
1023
1023
1023
1023
1023
1023
1017
746
306
0
0
0
0
0
0
0
0
0
0
0
0
0
0
0
0
0
0
0
0
0
0
0
356
1023
1023
1023
1023
1023
1023
1023
1023
1023
792
324
0
0
0
0
0
0
0
0
0
0
0
0
0
0
0
0
0
0
0
0
0
0
0
77
606
1023
1023
1023
1023
1023
1023
1023
1023
1022
776
349
0
0
0
0
0
0
0
0
0
0
0
0
0
0
0
0
0
0
0
0
0
0
0
0
29
429
1023
1023
1023
1023
1023
1023
1023
1023
1023
935
613
129
0
0
0
0
0
0
0
0
0
0
0
0
0
0
0
0
0
0
0
0
0
0
0
0
0
88
598
1023
1023
1023
1023
1023
1023
1023
1023
1023
948
649
197
0
0
0
0
0
0
0
0
0
0
0
0
0
0
0
0
0
0
0
0
0
0
0
0
0
0
108
703
1023
1023
1023
1023
1023
1023
1023
1023
1023
980
718
325
0
0
0
0
0
0
0
0
0
0
0
0
0
0
0
0
0
0
0
0
0
0
0
0
0
0
0
226
855
1023
1023
1023
1023
1023
1023
1023
1023
1023
921
624
178
0
0
0
0
0
0
0
0
0
0
0
0
0
0
0
0
0
0
0
0
0
0
0
0
0
0
99
624
1023
1023
1023
1023
1023
1023
1023
1023
1023
982
694
269
0
0
0
0
0
0
0
0
0
0
0
0
0
0
0
0
0
0
0
0
0
0
0
0
0
0
103
699
1023
1023
1023
1023
1023
1023
1023
1023
1023
912
591
112
0
0
0
0
0
0
0
0
0
0
0
0
0
0
0
0
0
0
0
0
0
0
0
0
0
66
518
1023
1023
1023
1023
1023
1023
1023
1023
1023
945
668
250
0
0
0
0
0
0
0
0
0
0
0
0
0
0
0
0
0
0
0
0
0
0
0
0
0
81
579
1023
1023
1023
1023
1023
1023
1023
1023
1023
932
623
152
0
0
0
0
0
0
0
0
0
0
0
0
0
0
0
0
0
0
0
0
0
0
0
0
0
152
829
1023
1023
1023
1023
1023
1023
1023
1023
1023
911
562
23
0
0
0
0
0
0
0
0
0
0
0
0
0
0
0
0
0
0
0
0
0
0
0
0
0
117
708
1023
1023
1023
1023
1023
1023
1023
1023
1023
891
518
0
0
0
0
0
0
0
0
0
0
0
0
0
0
0
0
0
0
0
0
0
0
0
0
0
36
440
1023
1023
1023
1023
1023
1023
1023
1023
1023
926
594
115
0
0
0
0
0
0
0
0
0
0
0
0
0
0
0
0
0
0
0
0
0
0
0
0
127
725
1023
1023
1023
1023
1023
1023
1023
1023
1010
732
323
0
0
0
0
0
0
0
0
0
0
0
0
0
0
0
0
0
0
0
0
0
0
0
12
374
1020
1023
1023
1023
1023
1023
1023
1023
1023
845
458
0
0
0
0
0
0
0
0
0
0
0
0
0
0
0
0
0
0
0
0
0
0
